#N canvas 206 0 694 520 10;
#X declare -lib mrpeach;
#N canvas 0 22 450 278 (subpatch) 0;
#X array foo 1000 float 3;
#A 0 0.124039 0.124878 0.125702 0.126526 0.127365 0.128204 0.129013
0.129852 0.130692 0.131516 0.132339 0.133179 0.134003 0.134842 0.135727
0.136871 0.138046 0.139206 0.140366 0.141525 0.1427 0.143845 0.14502
0.146179 0.147339 0.148499 0.149673 0.150818 0.151993 0.153152 0.154312
0.155472 0.156647 0.157791 0.158966 0.160141 0.161285 0.16246 0.16362
0.16478 0.165939 0.167114 0.168259 0.169434 0.170593 0.171753 0.172913
0.174088 0.175232 0.176407 0.177567 0.178726 0.179886 0.181061 0.182205
0.18338 0.184555 0.185699 0.186874 0.188034 0.189194 0.190353 0.191528
0.192673 0.193848 0.195007 0.196167 0.197327 0.198502 0.199646 0.200821
0.201981 0.20314 0.2043 0.205475 0.206619 0.207794 0.208954 0.210114
0.211288 0.212448 0.213608 0.214767 0.215942 0.217087 0.218262 0.219421
0.220581 0.221741 0.222916 0.22406 0.225235 0.226395 0.227554 0.228714
0.229889 0.231033 0.232208 0.233368 0.234528 0.235703 0.236862 0.238022
0.239182 0.240356 0.241669 0.243164 0.244659 0.24614 0.24765 0.24913
0.250626 0.252121 0.253616 0.255112 0.256607 0.258102 0.259583 0.261093
0.262589 0.264084 0.265579 0.267059 0.26857 0.27005 0.271545 0.273056
0.274536 0.276031 0.277527 0.279022 0.280518 0.282013 0.283508 0.284988
0.286499 0.287979 0.289474 0.290985 0.292465 0.293976 0.295456 0.296951
0.298447 0.299942 0.301437 0.302933 0.304428 0.305908 0.307419 0.308914
0.310394 0.311905 0.313385 0.31488 0.316376 0.317871 0.319366 0.320862
0.322357 0.323853 0.325348 0.326843 0.328339 0.329834 0.331314 0.332825
0.334305 0.3358 0.337296 0.338791 0.340286 0.341782 0.343277 0.344772
0.346268 0.347763 0.349243 0.350754 0.352234 0.353745 0.355225 0.35672
0.358231 0.359711 0.361206 0.362701 0.364197 0.365692 0.367188 0.368683
0.370163 0.371674 0.373154 0.374649 0.37616 0.377914 0.379745 0.381561
0.383392 0.385208 0.387039 0.388855 0.390701 0.392517 0.394348 0.396164
0.397995 0.399811 0.401657 0.403473 0.405304 0.40712 0.408951 0.410767
0.412613 0.414429 0.41626 0.418076 0.419907 0.421722 0.423553 0.425385
0.427216 0.429031 0.430862 0.432678 0.434509 0.43634 0.438171 0.439987
0.441818 0.443634 0.445465 0.447281 0.449127 0.450943 0.452774 0.45459
0.456421 0.458237 0.460083 0.461899 0.46373 0.465546 0.467377 0.469193
0.471024 0.472855 0.474686 0.476501 0.478333 0.480148 0.481979 0.48381
0.485641 0.487457 0.489288 0.491104 0.492935 0.494766 0.496597 0.498413
0.500244 0.50206 0.503891 0.505707 0.507538 0.509369 0.5112 0.513016
0.514847 0.516663 0.518494 0.520325 0.522156 0.523972 0.525803 0.527618
0.529449 0.531281 0.533112 0.534927 0.536758 0.538574 0.540405 0.542267
0.544434 0.546585 0.548737 0.550903 0.553055 0.555222 0.557373 0.55954
0.561691 0.563843 0.56601 0.568161 0.570328 0.572479 0.574631 0.576797
0.578949 0.581116 0.583267 0.585419 0.587585 0.589737 0.591904 0.594055
0.596207 0.598358 0.60051 0.602676 0.604828 0.606995 0.609146 0.611298
0.613464 0.615616 0.617783 0.619934 0.622101 0.624252 0.626404 0.628571
0.630722 0.632889 0.63504 0.637192 0.639359 0.64151 0.643677 0.645828
0.64798 0.650131 0.652283 0.654449 0.656601 0.658768 0.660919 0.663071
0.665237 0.667389 0.669556 0.671707 0.673859 0.676025 0.678177 0.680344
0.682495 0.684662 0.686813 0.688965 0.691132 0.693283 0.69545 0.697601
0.699753 0.70192 0.704071 0.706223 0.708374 0.710541 0.712692 0.714844
0.71701 0.719162 0.721329 0.72348 0.725632 0.727798 0.72995 0.732117
0.734268 0.73642 0.738739 0.741226 0.743713 0.746201 0.748688 0.75119
0.753662 0.756149 0.758652 0.761139 0.763626 0.766113 0.7686 0.771088
0.773575 0.776062 0.778549 0.781036 0.783524 0.786011 0.788498 0.790985
0.793488 0.795975 0.798447 0.800949 0.803436 0.805923 0.808411 0.810898
0.813385 0.815872 0.818359 0.820847 0.823349 0.825821 0.828308 0.830811
0.833282 0.83577 0.838272 0.840759 0.843231 0.845734 0.848221 0.850708
0.853195 0.855682 0.85817 0.860657 0.863144 0.865631 0.868134 0.870605
0.873108 0.875595 0.878067 0.880569 0.883057 0.885544 0.888031 0.890518
0.893005 0.895508 0.89798 0.900467 0.902969 0.905441 0.907928 0.910431
0.912918 0.91539 0.917892 0.92038 0.922852 0.925354 0.927841 0.930328
0.932816 0.935303 0.93779 0.940292 0.942764 0.945251 0.947754 0.950226
0.952728 0.955215 0.957703 0.96019 0.962677 0.965424 0.968246 0.971069
0.973892 0.9767 0.979523 0.982346 0.985153 0.987976 0.990799 0.993622
0.996429 0.999268 1.00208 1.00488 1.00771 1.01053 1.01335 1.01616 1.01898
1.0218 1.02463 1.02744 1.03027 1.03308 1.03589 1.03871 1.04153 1.04436
1.04716 1.04999 1.05281 1.05563 1.05844 1.06126 1.06409 1.06689 1.06972
1.07254 1.07536 1.07817 1.08101 1.08382 1.08664 1.08945 1.09227 1.09509
1.0979 1.10074 1.10355 1.10637 1.10918 1.11201 1.11482 1.11763 1.12045
1.12328 1.1261 1.12891 1.13174 1.13455 1.13737 1.14018 1.14302 1.14583
1.14864 1.15146 1.15428 1.1571 1.15991 1.16275 1.16556 1.16838 1.17119
1.17401 1.17683 1.17964 1.18248 1.18529 1.18811 1.19092 1.19376 1.19656
1.19939 1.20221 1.20502 1.20784 1.21065 1.21349 1.21629 1.21916 1.22231
1.22546 1.22861 1.23175 1.23489 1.23805 1.24121 1.24435 1.2475 1.25064
1.2538 1.25694 1.26009 1.26324 1.2664 1.26955 1.27269 1.27583 1.27899
1.28214 1.28529 1.28844 1.29158 1.29474 1.29788 1.30103 1.30418 1.30733
1.31049 1.31363 1.31677 1.31992 1.32307 1.32623 1.32938 1.33252 1.33566
1.33882 1.34196 1.34511 1.34827 1.35141 1.35457 1.35771 1.36086 1.364
1.36716 1.37032 1.37346 1.3766 1.37975 1.3829 1.38605 1.38919 1.39235
1.39549 1.39865 1.40179 1.40494 1.40808 1.41124 1.4144 1.41754 1.42068
1.42383 1.42699 1.43013 1.43327 1.43643 1.43959 1.44273 1.44588 1.44902
1.45218 1.45532 1.45848 1.46162 1.46477 1.46793 1.47107 1.47421 1.47736
1.48051 1.48367 1.48682 1.48996 1.4931 1.49626 1.4994 1.50256 1.50586
1.50934 1.51283 1.5163 1.51978 1.52325 1.52673 1.53021 1.53369 1.53717
1.54065 1.54413 1.54761 1.55109 1.55457 1.55804 1.56152 1.565 1.56847
1.57196 1.57544 1.57892 1.5824 1.58588 1.58934 1.59283 1.59631 1.59979
1.60327 1.60674 1.61021 1.61369 1.61719 1.62067 1.62413 1.62761 1.63109
1.63457 1.63806 1.64153 1.645 1.64848 1.65196 1.65544 1.65892 1.6624
1.66588 1.66936 1.67284 1.67632 1.67979 1.68327 1.68675 1.69023 1.69371
1.69719 1.70067 1.70415 1.70763 1.71111 1.71457 1.71806 1.72154 1.72502
1.7285 1.73196 1.73544 1.73892 1.74242 1.7459 1.74936 1.75284 1.75632
1.7598 1.76329 1.76675 1.77023 1.77371 1.77719 1.78067 1.78416 1.78763
1.79111 1.79459 1.79807 1.80154 1.80502 1.8085 1.81198 1.81546 1.81894
1.82269 1.82649 1.83031 1.83411 1.83791 1.84172 1.84552 1.84933 1.85315
1.85696 1.86076 1.86456 1.86838 1.87218 1.87599 1.87981 1.88362 1.88742
1.89122 1.89503 1.89883 1.90265 1.90645 1.91026 1.91408 1.91788 1.92169
1.92549 0.120438 0.119598 0.118774 0.11795 0.117111 0.116287 0.115448
0.114624 0.1138 0.112961 0.112122 0.111313 0.110474 0.109634 0.10881
0.107986 0.107147 0.106323 0.105484 0.10466 0.103836 0.102997 0.102158
0.101334 0.10051 0.0996857 0.0988464 0.0980072 0.0971985 0.0963593
0.09552 0.094696 0.0938721 0.0930328 0.0922089 0.0913696 0.0905457
0.0897217 0.0888824 0.0880432 0.0872192 0.0863953 0.085556 0.0847321
0.0838928 0.0830841 0.0822449 0.0814056 0.0805817 0.0797577 0.0789185
0.0780945 0.0772552 0.0764313 0.0756073 0.0747681 0.0739288 0.0731049
0.0722809 0.0714417 0.0706177 0.0697784 0.0689545 0.0681305 0.0672913
0.066452 0.0656433 0.0648041 0.0639801 0.0631409 0.0623169 0.0614929
0.0606537 0.059967 0.0594788 0.0589905 0.0584869 0.0579834 0.0574799
0.0569916 0.056488 0.0559998 0.0554962 0.0549927 0.0545044 0.0540009
0.0534973 0.0529938 0.0525055 0.0520172 0.0515137 0.0510101 0.0505066
0.0500183 0.0495148 0.0490112 0.0485229 0.0480194 0.0475311 0.0470276
0.046524 0.0460205 0.0455322 0.0450439 0.0445404 0.0440369 0.0435333
0.0430298 0.0425415 0.042038 0.0415497 0.0410461 0.0405579 0.0400543
0.0395508 0.0390472 0.038559 0.0380707 0.0375671 0.0370636 0.0365601
0.0360565 0.0355682 0.0350647 0.0345764 0.0340729 0.0335693 0.0330811
0.0325775 0.032074 0.0315857 0.0310974 0.0305939 0.0300903 0.0295868
0.0290833 0.028595 0.0280914 0.0276031 0.0270996 0.0265961 0.0261078
0.0256042 0.0251007 0.0245972 0.0241089 0.0236206 0.0231171 0.0226135
0.02211 0.0216064 0.0211182 0.0206299 0.0201263 0.0196228 0.0191345
0.018631 0.0181274 0.0176239 0.0171356 0.0166473 0.0161438 0.0156403
0.0151367 0.0149078 0.01474 0.0145721 0.0144196 0.0142517 0.0140839
0.013916 0.0137482 0.0135803 0.0134277 0.0132599 0.013092 0.0129242
0.0127563 0.0125885 0.0124207 0.0122528 0.012085 0.0119171 0.0117493
0.0115814 0.0114288 0.011261 0.0110931 0.0109253 0.0107574 0.0106049
0.010437 0.0102692 0.0101013 0.00993347 0.00976562 0.00959778 0.00942993
0.00927734 0.0091095 0.00894165 0.0087738 0.00860596 0.00843811 0.00827026
0.00810242 0.00793457 0.00776672 0.00759888 0.00744629 0.00727844 0.0071106
0.00694275 0.00679016 0.00662231 0.00645447 0.00628662 0.00611877 0.00595093
0.00578308 0.00561523 0.00544739 0.0052948 0.00512695 0.00495911 0.00479126
0.00462341 0.00445557 0.00428772 0.00411987 0.00395203 0.00378418;
#X coords 0 1 999 -1 200 140 1;
#X restore 316 -61 graph;
#X obj 27 145 tabwrite~ foo;
#X obj 108 92 metro 30;
#X obj 117 58 tgl 15 0 empty empty empty 17 7 0 10 -262144 -1 -1 0
1;
#X obj 24 -33 osc~;
#X floatatom 23 -58 5 0 0 0 - - -;
#X obj 23 23 *~ 0.5;
#X floatatom 52 -7 5 0 0 0 - - -;
#X obj 30 85 +~ 1;
#X floatatom 46 51 5 0 0 0 - - -;
#X obj 117 148 snapshot~;
#X floatatom 117 173 5 0 0 0 - - -;
#X obj 14 319 import mrpeach;
#X obj 115 407 udpsend;
#X obj 117 287 packOSC;
#X msg 178 352 disconnect;
#X msg 198 383 connect 10.70.63.142 12000;
#X msg 116 257 send /x \$1;
#X msg 234 254 send /y \$1;
#X floatatom 234 201 5 0 0 0 - - -;
#X floatatom 349 233 5 0 0 0 - - -;
#X msg 346 255 send /t \$1;
#X obj 116 199 i;
#X floatatom 116 226 5 0 0 0 - - -;
#X obj 231 87 *~ 200;
#X obj 228 31 osc~ 0.5;
#X obj 232 141 +~ 200;
#X obj 234 226 i;
#X obj 234 173 snapshot~;
#X obj 349 199 random 100;
#X obj 349 173 metro 200;
#X obj 348 154 tgl 15 0 empty empty empty 17 7 0 10 -262144 -1 -1 0
1;
#X floatatom 228 -1 5 0 0 0 - - -;
#X obj 467 175 udpreceive 12001;
#X obj 466 210 unpackOSC;
#X obj 466 277 routeOSC /mouseX;
#X floatatom 470 303 5 0 0 0 - - -;
#X obj 487 245 print;
#X floatatom 264 60 5 0 0 0 - - -;
#X floatatom 266 114 5 0 0 0 - - -;
#X connect 2 0 1 0;
#X connect 2 0 10 0;
#X connect 2 0 28 0;
#X connect 3 0 2 0;
#X connect 4 0 6 0;
#X connect 5 0 4 0;
#X connect 6 0 8 0;
#X connect 7 0 6 1;
#X connect 8 0 1 0;
#X connect 8 0 10 0;
#X connect 9 0 8 1;
#X connect 10 0 11 0;
#X connect 11 0 22 0;
#X connect 14 0 13 0;
#X connect 15 0 13 0;
#X connect 16 0 13 0;
#X connect 17 0 14 0;
#X connect 18 0 14 0;
#X connect 19 0 27 0;
#X connect 20 0 21 0;
#X connect 21 0 14 0;
#X connect 22 0 23 0;
#X connect 23 0 17 0;
#X connect 24 0 26 0;
#X connect 25 0 24 0;
#X connect 26 0 28 0;
#X connect 27 0 18 0;
#X connect 28 0 19 0;
#X connect 29 0 20 0;
#X connect 30 0 29 0;
#X connect 31 0 30 0;
#X connect 32 0 25 0;
#X connect 33 0 34 0;
#X connect 34 0 35 0;
#X connect 34 0 37 0;
#X connect 35 0 36 0;
#X connect 38 0 24 1;
#X connect 39 0 26 1;
